6.39724e-007
8.16645e-007
1.85731e-006
3.18309e-006
3.23342e-006
4.05973e-006
5.33458e-006
5.80984e-006
1.10145e-005
1.32327e-005
1.43093e-005
2.12587e-005
2.14068e-005
2.92558e-005
2.97543e-005
3.19353e-005
3.40781e-005
3.5838e-005
3.60325e-005
3.68895e-005
3.80116e-005
4.77116e-005
5.02085e-005
5.08391e-005
5.15456e-005
5.31295e-005
5.61244e-005
5.63981e-005
5.70622e-005
5.73055e-005
5.94847e-005
6.02814e-005
6.12847e-005
6.67011e-005
6.72284e-005
6.76087e-005
7.14727e-005
8.35503e-005
8.49613e-005
8.96272e-005
9.03625e-005
9.13024e-005
9.18645e-005
9.34098e-005
9.39132e-005
9.44843e-005
9.45324e-005
9.79848e-005
9.95838e-005
9.99434e-005
0.000101046
0.00010288
0.000103347
0.000104765
0.000105988
0.000106593
0.000110749
0.000114846
0.00011538
0.000117011
0.000120149
0.000120387
0.000122548
0.000122901
0.000123059
0.00012351
0.000125809
0.000127196
0.000131199
0.000132777
0.000133985
0.000134237
0.000134877
0.000136997
0.000137091
0.00013812
0.000141548
0.000143649
0.000144195
0.000145526
0.000145845
0.00014789
0.000148427
0.000151608
0.000153161
0.00015619
0.000158045
0.000161972
0.000162588
0.000163659
0.000164005
0.000164535
0.000164556
0.000164736
0.000164896
0.000165162
0.000165632
0.000165866
0.000167943
0.000169947
0.00017517
0.00017557
0.000176347
0.000177134
0.000177909
0.000180276
0.000181518
0.000183926
0.000184386
0.000184755
0.000185967
0.000190882
0.000194018
0.000197726
0.000200133
0.000202574
0.000205329
0.000207482
0.000209507
0.000210623
0.000210968
0.000211486
0.000214473
0.000216628
0.000216665
0.000219003
0.000221083
0.000224071
0.000224778
0.000225064
0.000226651
0.000228176
0.000229293
0.00023129
0.000242379
0.000246947
0.000249964
0.000250258
0.0002503
0.000251497
0.000253624
0.00025368
0.000254455
0.000257774
0.000260585
0.000262438
0.000263084
0.0002637
0.00026454
0.000265082
0.000267241
0.000267247
0.0002675
0.000268722
0.000274994
0.000275851
0.000278144
0.000278676
0.000282491
0.000286379
0.0002864
0.000288438
0.000289883
0.000289966
0.000296634
0.000300806
0.000302211
0.000304417
0.000304794
0.000305489
0.000306982
0.000309078
0.000309813
0.000311061
0.000314642
0.000316208
0.000316718
0.000318914
0.000319753
0.000319929
0.000323138
0.000324687
0.000326451
0.00033043
0.000330466
0.000336355
0.00033734
0.000338248
0.000340921
0.000342054
0.00034431
0.000345576
0.000348138
0.000350071
0.000350318
0.000353945
0.000356242
0.000360832
0.000361332
0.000363389
0.000365905
0.000367439
0.000369823
0.00037517
0.000377545
0.000379875
0.000381389
0.000383107
0.000384374
0.000385056
0.000385302
0.000386542
0.000389083
0.000389503
0.000389941
0.000389958
0.000392364
0.000393113
0.000393306
0.000394354
0.000395259
0.000400993
0.000401074
0.000408412
0.000416599
0.000417825
0.00041839
0.000424751
0.000424866
0.000425073
0.000427741
0.000429447
0.000429569
0.000431728
0.000431865
0.000431972
0.000433985
0.000434753
0.000436325
0.000438524
0.000443506
0.000447473
0.000447669
0.00044904
0.000449849
0.000452143
0.000453552
0.000454343
0.000457162
0.000457698
0.000461591
0.000469553
0.000470555
0.000470873
0.000475189
0.000478335
0.000482082
0.00048279
0.000483679
0.000484742
0.000487398
0.000489866
0.000498801
0.000499848
0.000500393
0.000501229
0.000504082
0.000505049
0.000506274
0.000507355
0.000509938
0.000511469
0.000512947
0.000513206
0.000513835
0.000515806
0.000517147
0.000519115
0.000525114
0.000525392
0.000528999
0.00053013
0.000534389
0.000540431
0.00054105
0.000541429
0.000543161
0.000543177
0.000543365
0.000544698
0.000548849
0.000549433
0.000550022
0.000551959
0.000552037
0.000557861
0.000562812
0.000563574
0.000567239
0.000568566
0.000569279
0.00057839
0.000579566
0.000584488
0.000588959
0.000589069
0.000598587
0.000598594
0.000598946
0.000601987
0.000607914
0.00061029
0.000612035
0.000614418
0.000615178
0.000617766
0.000618765
0.000621894
0.000622726
0.000625628
0.000629282
0.00063279
0.000634208
0.00063448
0.000637575
0.000640737
0.000643968
0.00064478
0.000645845
0.000647515
0.000650321
0.000651163
0.000654032
0.00065443
0.000656192
0.000659751
0.000665569
0.000672231
0.00067241
0.00067316
0.000676446
0.000676592
0.000677211
0.000679588
0.000684625
0.000686959
0.000689974
0.000691078
0.000692891
0.000694228
0.000696314
0.000697512
0.00069909
0.000700987
0.000711322
0.000711768
0.000712019
0.000714847
0.000714997
0.000718402
0.000718469
0.000722449
0.000723078
0.00072332
0.000727384
0.000731191
0.000732469
0.000733444
0.000734409
0.000734783
0.000735623
0.000737036
0.00073889
0.000745941
0.000746051
0.000746325
0.000749789
0.00075126
0.000755086
0.000755949
0.000756524
0.00075674
0.000759139
0.000762618
0.000763789
0.000765193
0.00077341
0.000773699
0.000775551
0.000777037
0.000777608
0.000780421
0.000780823
0.000785769
0.000785795
0.000785832
0.000787295
0.000787569
0.000788685
0.000790256
0.00079059
0.0007931
0.000794478
0.000795437
0.000795529
0.000799539
0.000801509
0.000801858
0.000803154
0.000803159
0.000803753
0.00080426
0.00080481
0.000805957
0.00080832
0.000809051
0.000811946
0.000812992
0.000814268
0.000816167
0.000817655
0.000817866
0.000819768
0.000820198
0.000820758
0.000822506
0.000824563
0.000825263
0.000825502
0.00082623
0.000826858
0.000829644
0.000832891
0.000833911
0.000836408
0.000838969
0.000839548
0.000843978
0.00084436
0.000846053
0.000849976
0.000850332
0.000850962
0.000853792
0.000857506
0.00086052
0.000861097
0.000863793
0.000865938
0.00086915
0.00087224
0.000873359
0.000874734
0.000878506
0.000881292
0.000881313
0.000890588
0.000893313
0.000893482
0.000893786
0.000893791
0.000894415
0.000898498
0.000898524
0.000899878
0.000901332
0.000903065
0.000906826
0.000906956
0.000909587
0.000910599
0.00091607
0.000918584
0.000920801
0.000922514
0.000923159
0.000923937
0.000924728
0.000929778
0.000930464
0.00093078
0.000937117
0.000938325
0.00093973
0.000940449
0.00094373
0.000944643
0.000944712
0.000949452
0.000950156
0.000952366
0.000954342
0.000955222
0.000958635
0.000960084
0.000961063
0.000961776
0.000962697
0.00096321
0.000965156
0.000969548
0.00096995
0.000972585
0.000973365
0.000975687
0.000980392
0.000983757
0.000984648
0.000986857
0.000987258
0.000987284
0.00098892
0.000991776
0.000992047
0.000994203
0.000994906
0.000995215
0.000997921
0.00100631
0.00100742
0.00101038
0.00101439
0.00101521
0.00101542
0.00101588
0.0010163
0.0010169
0.00101716
0.00101722
0.00102076
0.00102406
0.00102626
0.00102764
0.00102843
0.00103766
0.00103802
0.0010424
0.00104445
0.00104452
0.0010478
0.00104889
0.00104996
0.00105492
0.00105542
0.00105799
0.00106086
0.00106226
0.00106405
0.00106923
0.0010709
0.0010737
0.00107572
0.00107597
0.00107605
0.00108041
0.00108124
0.00108194
0.00108236
0.00108304
0.0010864
0.00109274
0.00109544
0.00109738
0.00109745
0.00109766
0.00109823
0.00109826
0.00109878
0.00109982
0.00109989
0.00110052
0.0011026
0.00110342
0.00110433
0.00110435
0.00111132
0.00111154
0.00111272
0.00111687
0.00112135
0.00112281
0.00112322
0.00112331
0.00112489
0.00112599
0.00112773
0.00112782
0.00112788
0.0011292
0.00113006
0.00113088
0.00113319
0.00113327
0.00113534
0.00113935
0.00114319
0.0011433
0.00115265
0.00115704
0.00116111
0.00116265
0.00116273
0.0011636
0.00116578
0.0011702
0.00117566
0.00117645
0.00117903
0.00118147
0.00118551
0.00118561
0.00119074
0.00119172
0.00119601
0.00119721
0.00119731
0.00120119
0.00120152
0.00120355
0.00120705
0.00120734
0.00120786
0.00121034
0.00121186
0.00121494
0.00121708
0.00121798
0.00122131
0.00122393
0.00122625
0.00123075
0.00123094
0.00123263
0.00123462
0.00124014
0.0012424
0.00124342
0.00124674
0.00124681
0.00124723
0.00125126
0.00125156
0.00125933
0.00126441
0.00126541
0.00127122
0.00127407
0.00127996
0.00128484
0.00128587
0.00128751
0.00128778
0.00129099
0.00129184
0.00129389
0.00129394
0.00129903
0.00129975
0.0013012
0.00130156
0.00130238
0.00130277
0.00130302
0.00130676
0.00130762
0.00130785
0.00130869
0.00131041
0.00131172
0.00131265
0.00131268
0.00131372
0.00131528
0.00131754
0.00131861
0.00131972
0.00132002
0.00132138
0.00132242
0.00132265
0.00132348
0.00132579
0.0013277
0.00132947
0.00133187
0.00133757
0.0013383
0.0013387
0.00134088
0.00134213
0.00134282
0.00134429
0.00134449
0.00134811
0.00134969
0.00135333
0.00135608
0.00136088
0.0013625
0.00136876
0.00137218
0.00137407
0.00137457
0.00137725
0.00137735
0.00137768
0.00137921
0.00138461
0.00138501
0.00138778
0.00138988
0.0013913
0.00139228
0.00139419
0.00139422
0.00139932
0.00140203
0.00141374
0.00141524
0.00141869
0.00142597
0.00142622
0.00142923
0.00143105
0.00143173
0.00144039
0.00144284
0.0014474
0.00144763
0.00144773
0.00145234
0.00145423
0.0014551
0.00145571
0.0014592
0.00146075
0.00146118
0.00146643
0.00146697
0.0014698
0.0014715
0.00147324
0.00147632
0.00147912
0.0014801
0.00148058
0.00148447
0.00149594
0.00149662
0.00149807
0.00150053
0.00150389
0.00150392
0.00150633
0.00150785
0.00150873
0.00151011
0.0015127
0.00151289
0.00151473
0.00151739
0.00152168
0.00152185
0.00152761
0.00152762
0.00152869
0.00152896
0.00153019
0.00153121
0.00153209
0.00153671
0.00153854
0.00154121
0.00154197
0.00154294
0.00154615
0.00155314
0.00155867
0.00155974
0.00156011
0.00156198
0.00156398
0.00156493
0.00156521
0.00156534
0.00157001
0.00157072
0.00157076
0.00157128
0.00157147
0.00157299
0.00157335
0.00157418
0.00157432
0.00157459
0.00157511
0.00157533
0.00158369
0.00158441
0.00158738
0.00159005
0.00159088
0.00159455
0.00159539
0.00159825
0.00159877
0.0015993
0.00159967
0.00160033
0.00160133
0.00160358
0.00160762
0.00161186
0.00161713
0.00161837
0.00162058
0.00162229
0.00162357
0.00162541
0.00163442
0.00163635
0.00163654
0.00163661
0.00163835
0.00164033
0.00164223
0.00164262
0.00164317
0.00165169
0.00165192
0.00165291
0.00165556
0.00165833
0.00165886
0.00165942
0.00165959
0.00166156
0.00166201
0.00166715
0.00166803
0.0016684
0.00167002
0.00167173
0.00167506
0.0016812
0.00168259
0.00168272
0.00168292
0.00169272
0.00169808
0.00169831
0.00170006
0.00170345
0.0017051
0.00170532
0.00170594
0.00170802
0.00170918
0.0017104
0.00171357
0.00171592
0.00171771
0.00171825
0.00171842
0.0017194
0.00172347
0.00172384
0.00172491
0.00172732
0.0017298
0.00173135
0.00173261
0.00173923
0.00174123
0.00174313
0.00174533
0.0017479
0.00175152
0.00175593
0.00175615
0.0017609
0.00176329
0.00176495
0.00176707
0.00177134
0.00177247
0.00177277
0.00177508
0.00177703
0.0017794
0.00178107
0.00178221
0.00178546
0.00178733
0.00179016
0.00179064
0.00179166
0.00179406
0.00179412
0.00179499
0.00179689
0.00179807
0.00180054
0.00180409
0.00180669
0.00181369
0.00181533
0.00181567
0.00181753
0.00182433
0.00182725
0.00182831
0.00182844
0.00183093
0.00183101
0.00183572
0.00184248
0.00184437
0.00184437
0.00184545
0.00184612
0.00184945
0.00185023
0.00185521
0.00185532
0.00185683
0.00185988
0.00186008
0.00186008
0.00186358
0.00186685
0.0018687
0.00186926
0.00187519
0.00187631
0.00187736
0.00188091
0.00188095
0.00188313
0.0018846
0.00188704
0.00188708
0.00188788
0.00188851
0.00188904
0.00188995
0.00189327
0.00189369
0.0018956
0.00189576
0.00189691
0.00190074
0.00190128
0.00190331
0.00190407
0.00190532
0.0019076
0.00190993
0.00191041
0.00191151
0.00191287
0.00191593
0.00191927
0.00192055
0.00192158
0.00192231
0.00192535
0.00192598
0.00192614
0.00192727
0.00192828
0.00193242
0.00193384
0.00193461
0.00193518
0.00193901
0.001941
0.00194114
0.00194148
0.00194209
0.00194239
0.0019448
0.00194512
0.0019463
0.00194649
0.00194707
0.00194942
0.00195192
0.00195591
0.00195596
0.00195676
0.00195746
0.00196117
0.00196551
0.00196702
0.00196749
0.00196964
0.00197892
0.00198187
0.00198192
0.00198426
0.00198481
0.00198542
0.00198829
0.00198832
0.00199291
0.00199378
0.00199477
0.00199859
0.00199964
0.00200183
0.00200243
0.00200457
0.00200801
0.00201154
0.00201183
0.00201234
0.0020149
0.00201758
0.00201787
0.00202045
0.00202722
0.00202727
0.00203452
0.00203491
0.00203645
0.00203705
0.00203867
0.00204018
0.0020427
0.00204287
0.00204476
0.00204522
0.00204639
0.00204991
0.00205171
0.00205295
0.0020554
0.00205791
0.00205919
0.0020599
0.00206066
0.00206074
0.00206089
0.00206296
0.00206337
0.00206547
0.00206721
0.0020676
0.00206986
0.00207076
0.00207143
0.00207277
0.00207394
0.00207723
0.00207985
0.00208037
0.00208743
0.00208747
0.0020928
0.00209619
0.00209811
0.00209846
0.00210257
0.00210697
0.00210784
0.00211095
0.00211131
0.00211519
0.00211818
0.00212682
0.00212719
0.00212817
0.00212843
0.00213039
0.00213189
0.00213339
0.00213638
0.00213942
0.00214267
0.00214617
0.00214746
0.00214988
0.00215116
0.00215394
0.00215474
0.00215587
0.00215612
0.00215646
0.00215793
0.00215834
0.00215863
0.00216461
0.00216577
0.00216664
0.00216824
0.00216899
0.00216978
0.00217182
0.00217876
0.00218229
0.00218803
0.00219855
0.00220024
0.00220348
0.00220791
0.00220942
0.00220968
0.00221132
0.00221417
0.00221764
0.00221898
0.00222273
0.00222382
0.00222513
0.00223149
0.00223173
0.00223431
0.00223434
0.00223585
0.00223666
0.00223936
0.00224093
0.0022424
0.00224593
0.002248
0.00224916
0.00225139
0.00225229
0.00226049
0.00226183
0.00226719
0.00227089
0.00227179
0.00227909
0.00228189
0.00228482
0.00228496
0.00228508
0.00228741
0.00228804
0.00229278
0.00229285
0.00229337
0.00229543
0.0022965
0.00230056
0.0023032
0.00230791
0.00230834
0.00230878
0.00230952
0.0023103
0.00231092
0.00231165
0.00231385
0.00231515
0.00231604
0.00232145
0.00232371
0.00232638
0.00232742
0.00232775
0.0023289
0.00232914
0.00232941
0.00233174
0.00233245
0.00233395
0.00233585
0.00233666
0.00233678
0.00233845
0.00234059
0.00234263
0.00234943
0.00235151
0.0023547
0.0023567
0.00235845
0.00235874
0.00236085
0.00236408
0.00236544
0.00236688
0.00236947
0.00237298
0.00237349
0.00237465
0.00237604
0.00237702
0.00238171
0.00238199
0.00238641
0.00239123
0.00239192
0.00239326
0.00239532
0.00239748
0.00239883
0.00240072
0.00240503
0.00240563
0.00240795
0.00240886
0.00240919
0.00241053
0.00241194
0.00241243
0.00241285
0.00241406
0.00241563
0.00241732
0.00241766
0.00241958
0.00242261
0.00242295
0.00242727
0.00242954
0.00243037
0.00243154
0.00244014
0.00244508
0.00244808
0.00245014
0.00245055
0.0024518
0.00245196
0.00245261
0.00245264
0.00245566
0.00245923
0.0024618
0.00246287
0.00246898
0.0024716
0.00247326
0.00247475
0.00247761
0.00247972
0.00248042
0.00248796
0.00248826
0.00249317
0.00249597
0.00249845
0.00250209
0.00250243
0.00250533
0.0025054
0.00250688
0.00250869
0.00250896
0.00251064
0.00251157
0.00251269
0.002515
0.00251559
0.00251721
0.00252126
0.00252259
0.00252309
0.00252343
0.00252501
0.00252675
0.00253066
0.00253332
0.00253428
0.00253453
0.00253773
0.00253903
0.00254027
0.00254062
0.00254081
0.00254454
0.0025456
0.00254919
0.00255185
0.00255857
0.00256066
0.00256154
0.00256689
0.00256786
0.00256841
0.00257112
0.00257308
0.00257806
0.00257984
0.0025875
0.00259074
0.0025982
0.00259901
0.00260183
0.00260202
0.00260215
0.00260387
0.00260686
0.00260717
0.00261025
0.00261306
0.00261417
0.00261442
0.00262301
0.00262488
0.00262534
0.00262541
0.00262579
0.00262884
0.00262924
0.00263994
0.00264083
0.00264464
0.00264902
0.00264953
0.00265245
0.00265445
0.00265802
0.0026608
0.00266142
0.00266998
0.00267043
0.00267361
0.00267383
0.00267549
0.00267605
0.00267759
0.00267813
0.00268127
0.00268127
0.00268278
0.0026839
0.00268418
0.00268536
0.00268908
0.00269047
0.00269055
0.00269238
0.00269378
0.00269449
0.00269554
0.00269599
0.00269987
0.00270104
0.00270563
0.0027061
0.00270685
0.00271204
0.00271297
0.00271375
0.00272176
0.0027229
0.00272421
0.00272911
0.00273116
0.00273282
0.00273828
0.00274385
0.00274628
0.00274687
0.00274732
0.00275022
0.0027526
0.00275369
0.00275862
0.00276425
0.00276485
0.00276522
0.00276545
0.00276645
0.00276764
0.00277356
0.00277529
0.0027786
0.00278067
0.00278239
0.00278605
0.00278671
0.0027876
0.00278936
0.00279027
0.00279195
0.00279233
0.00279274
0.00279573
0.00279774
0.00279888
0.00280041
0.00280092
0.00280557
0.00280606
0.0028104
0.00281428
0.00281567
0.00281796
0.0028184
0.00281843
0.00281939
0.00282027
0.00282051
0.00282053
0.0028246
0.00282699
0.00282708
0.00282804
0.00283128
0.00283202
0.0028321
0.00283458
0.00283617
0.00283659
0.00283894
0.00283921
0.00284033
0.00284046
0.00284184
0.00284369
0.00284578
0.00284666
0.00284795
0.00284903
0.00285328
0.00285441
0.00285533
0.00285612
0.00285734
0.00285841
0.00285851
0.00286095
0.00286515
0.00286892
0.00287365
0.00287593
0.0028763
0.00288096
0.00288304
0.00288453
0.002885
0.00288599
0.00289128
0.00289139
0.00289283
0.00289508
0.00289656
0.00289688
0.00289705
0.00289745
0.00289777
0.00289875
0.00289879
0.00289901
0.00290281
0.00290298
0.00290674
0.00290859
0.00291135
0.00291175
0.00292
0.00292083
0.0029209
0.00292113
0.00292674
0.00292782
0.00292836
0.00293073
0.00293185
0.00293224
0.00294137
0.00294547
0.00294819
0.00294834
0.00295199
0.00295204
0.00295391
0.00295526
0.00295751
0.00296331
0.00296356
0.00296777
0.00296937
0.00296949
0.00297003
0.00297349
0.00297566
0.00297922
0.00298148
0.00298229
0.0029847
0.00298594
0.00298637
0.00298736
0.00298788
0.00298909
0.0029911
0.00299144
0.0029934
0.00299462
0.00299638
0.00299691
0.00299841
0.00300302
0.00300916
0.00301034
0.00301104
0.00301468
0.0030203
0.00302077
0.00302241
0.00302338
0.00302376
0.0030258
0.00302866
0.00303057
0.00303113
0.00303625
0.00304193
0.00304256
0.00305002
0.00305229
0.00305439
0.00305457
0.00305463
0.00305757
0.00305902
0.00305912
0.00306178
0.00306503
0.00306965
0.00307647
0.003078
0.00307805
0.00307831
0.00308129
0.0030817
0.00308452
0.00309562
0.00309642
0.00309833
0.00310059
0.00310126
0.0031086
0.00311191
0.00311624
0.00312007
0.00312551
0.00312977
0.00313167
0.00313258
0.00313342
0.00313352
0.00313528
0.00313788
0.00313915
0.00313923
0.00313948
0.00314166
0.00314218
0.00314263
0.00314402
0.00314902
0.00314924
0.00315069
0.0031528
0.0031546
0.00315604
0.00315865
0.00315928
0.0031594
0.00316056
0.00316244
0.00316444
0.00316596
0.00316679
0.00316691
0.00316741
0.00316754
0.00316921
0.00316971
0.00317045
0.00317188
0.00317546
0.0031829
0.00318686
0.00318837
0.00319154
0.00319404
0.00319472
0.00319484
0.00319876
0.00319901
0.00320106
0.00320268
0.00320486
0.00320577
0.00320597
0.00320621
0.00320666
0.00320682
0.00320907
0.00320938
0.0032096
0.00321128
0.00321514
0.00321626
0.00322285
0.0032278
0.00323145
0.00323153
0.00323173
0.00323301
0.00323509
0.00323618
0.00323663
0.00323701
0.00323711
0.00323914
0.00323968
0.00324227
0.00324241
0.00324377
0.00324572
0.00324746
0.00324878
0.0032497
0.00325078
0.00325584
0.00325965
0.00325976
0.00326669
0.00326884
0.00326974
0.00327239
0.00327299
0.00327316
0.00327318
0.00327651
0.00327873
0.00327989
0.0032802
0.00328853
0.00329705
0.00329719
0.00329804
0.003299
0.00329983
0.00330087
0.00330122
0.00330127
0.00330544
0.00330575
0.00330688
0.00330749
0.00330951
0.00331321
0.00331331
0.00331847
0.00332034
0.00332168
0.00332219
0.00332273
0.00332285
0.00332331
0.00332559
0.00332677
0.00332716
0.00332757
0.00333259
0.00333388
0.00333419
0.00333569
0.00334038
0.00334549
0.00335262
0.00335464
0.00335681
0.00336288
0.00336675
0.00336769
0.00336944
0.00337284
0.00337328
0.00337342
0.00337399
0.00337485
0.00337661
0.00338354
0.0033839
0.00338766
0.00338821
0.00338988
0.00339188
0.00339334
0.00339414
0.00339578
0.00339947
0.00340217
0.00341179
0.00341331
0.00341445
0.00341743
0.00341839
0.00342318
0.00342374
0.00342401
0.00342402
0.00342435
0.00342676
0.00342927
0.00343263
0.00343443
0.00344021
0.00344327
0.00344606
0.00344785
0.00344811
0.00345014
0.00345587
0.00346181
0.00346359
0.0034647
0.00346729
0.00346955
0.0034727
0.00347282
0.00347426
0.00347711
0.00348171
0.0034821
0.0034832
0.00348653
0.003488
0.00349122
0.00349405
0.00349612
0.00350346
0.00350633
0.00350839
0.00350846
0.00351151
0.00351278
0.00351358
0.00351385
0.00351399
0.00351441
0.00351461
0.00351521
0.00351529
0.00351912
0.00352552
0.00352577
0.00352587
0.00352917
0.00353431
0.00353485
0.00353575
0.00353586
0.0035388
0.00354005
0.0035421
0.00354461
0.00354601
0.00354625
0.00354724
0.003548
0.00354968
0.00355408
0.0035585
0.00355979
0.0035626
0.00356264
0.00356502
0.00356539
0.00356585
0.00356837
0.00357206
0.00357333
0.00357564
0.00357576
0.00358054
0.00358135
0.00358158
0.00358332
0.00358373
0.00358554
0.00359078
0.0035917
0.00359317
0.00359833
0.00360014
0.0036014
0.0036034
0.00361224
0.00361421
0.00361471
0.00361523
0.00361628
0.00362146
0.00362173
0.00362281
0.00362651
0.00362656
0.00362678
0.00362712
0.00363053
0.00363054
0.00363113
0.00363236
0.00364069
0.00364381
0.00364486
0.0036497
0.00365714
0.00365952
0.00366021
0.00366225
0.00366256
0.00366315
0.00366347
0.0036696
0.00367411
0.00367445
0.00367694
0.00367739
0.00368106
0.00368254
0.0036839
0.00368439
0.00368456
0.00368623
0.00368659
0.00368723
0.00368725
0.00369058
0.0036916
0.00369191
0.00369236
0.00369291
0.00369469
0.00369583
0.00370242
0.00370895
0.00371361
0.00371435
0.00371466
0.00371567
0.0037159
0.00371639
0.00371673
0.00372181
0.00372347
0.00372359
0.00372369
0.00372428
0.00372429
0.00372546
0.00372548
0.00372638
0.0037345
0.00373464
0.00374074
0.00374465
0.00375016
0.00375315
0.00375377
0.00375637
0.00375926
0.00376211
0.00376225
0.00376756
0.00376947
0.00377231
0.00377275
0.00377302
0.00377329
0.00377627
0.00377647
0.00377706
0.00377983
0.00378342
0.00378354
0.0037836
0.0037853
0.00378886
0.00378899
0.0037899
0.00379033
0.00379183
0.00379352
0.00379601
0.00379666
0.00379994
0.00380633
0.00380685
0.00380701
0.00380883
0.00380928
0.00380971
0.00381301
0.0038161
0.00381688
0.00381812
0.00381906
0.00382423
0.00382628
0.00382778
0.00382883
0.003829
0.0038298
0.00383469
0.00383473
0.00383607
0.00383668
0.00383777
0.00383834
0.00383904
0.00384211
0.00384398
0.00384533
0.00384561
0.00384861
0.00384897
0.0038532
0.00385616
0.00386218
0.00386347
0.00386919
0.0038716
0.00387338
0.00387499
0.00387556
0.00387624
0.00387681
0.00388901
0.00389079
0.00389365
0.00389436
0.0038947
0.0038961
0.00389701
0.00390785
0.00390972
0.0039104
0.00391065
0.00391266
0.00391405
0.00391512
0.00391633
0.00391769
0.00391802
0.00391817
0.00391952
0.00392019
0.00392049
0.00392083
0.00392164
0.00392245
0.00392265
0.00392278
0.00392373
0.00392446
0.00393729
0.00393889
0.00394169
0.00394378
0.00394406
0.00394516
0.00394536
0.0039498
0.00395082
0.00395253
0.00395542
0.00395657
0.00395661
0.0039662
0.00396636
0.00397108
0.00397404
0.00397774
0.00398038
0.00398217
0.00398861
0.00399127
0.00399165
0.00399435
0.00399464
0.00399564
0.00399932
0.00400244
0.00400261
0.00400311
0.00400499
0.00400884
0.00400988
0.00401308
0.0040144
0.00401819
0.00401831
0.00401948
0.00401961
0.0040216
0.00402275
